Frequency	Log magnitude spectrum
10.766602	-41.500854
32.299805	-42.311558
53.833008	-50.063442
75.366211	-66.789619
96.899414	-49.716793 1
118.432617	-51.399345
139.965820	-59.627293
161.499023	-55.457275 2
183.032227	-57.650318
204.565430	-52.476383
226.098633	-34.134327
247.631836	-30.806982 3 
269.165039	-43.301445
290.698242	-60.584049
312.231445	-57.923893
333.764648	-64.320320
355.297852	-69.380356
376.831055	-58.996960
398.364258	-59.331577
419.897461	-55.919281
441.430664	-52.672276
462.963867	-41.092693
484.497070	-43.083420
506.030273	-57.140739
527.563477	-57.859596
549.096680	-53.706741
570.629883	-56.538380
592.163086	-76.766975
613.696289	-61.682995
635.229492	-65.734085
656.762695	-54.266918
678.295898	-59.577156
699.829102	-43.393517
721.362305	-48.792004
742.895508	-51.752239
764.428711	-61.651630
785.961914	-60.264919
807.495117	-56.112480
829.028320	-70.385185
850.561523	-57.281811
872.094727	-55.944969
893.627930	-47.864178
915.161133	-37.324211
936.694336	-39.310211
958.227539	-49.467831
979.760742	-50.497993
1001.293945	-46.737465
1022.827148	-51.221436
1044.360352	-65.191986
1065.893555	-63.911098
1087.426758	-51.199680
1108.959961	-46.097916
1130.493164	-40.535217
1152.026367	-34.315681
1173.559570	-31.685469
1195.092773	-53.711323
1216.625977	-47.606331
1238.159180	-56.840618
1259.692383	-55.237080
1281.225586	-60.306454
1302.758789	-62.598076
1324.291992	-59.152306
1345.825195	-57.332741
1367.358398	-41.640366
1388.891602	-34.738308
1410.424805	-40.517014
1431.958008	-63.088367
1453.491211	-58.017597
1475.024414	-56.466270
1496.557617	-56.183624
1518.090820	-55.305141
1539.624023	-58.260502
1561.157227	-56.939381
1582.690430	-50.484959
1604.223633	-51.106503
1625.756836	-40.238113
1647.290039	-47.754498
1668.823242	-51.118446
1690.356445	-55.959167
1711.889648	-58.797607
1733.422852	-55.101460
1754.956055	-58.307449
1776.489258	-69.120277
1798.022461	-45.298328
1819.555664	-44.447060
1841.088867	-41.375313
1862.622070	-32.745735
1884.155273	-40.235233
1905.688477	-71.874443
1927.221680	-60.536701
1948.754883	-64.628632
1970.288086	-54.243889
1991.821289	-56.217159
2013.354492	-77.060173
2034.887695	-71.141960
2056.420898	-56.991158
2077.954102	-56.376503
2099.487305	-60.246155
2121.020508	-61.602375
2142.553711	-64.840309
2164.086914	-63.717396
2185.620117	-60.967331
2207.153320	-69.040001
2228.686523	-68.204369
2250.219727	-61.483772
2271.752930	-62.895218
2293.286133	-63.555576
2314.819336	-57.502663
2336.352539	-58.648411
2357.885742	-64.562630
2379.418945	-67.944054
2400.952148	-68.769806
2422.485352	-71.418083
2444.018555	-81.317291
2465.551758	-70.475006
2487.084961	-77.825790
2508.618164	-66.157066
2530.151367	-72.773888
2551.684570	-62.332020
2573.217773	-77.391800
2594.750977	-67.690567
2616.284180	-70.027542
2637.817383	-74.895805
2659.350586	-78.933411
2680.883789	-77.415581
2702.416992	-83.473351
2723.950195	-71.552414
2745.483398	-72.919273
2767.016602	-72.429337
2788.549805	-70.262779
2810.083008	-71.764488
2831.616211	-73.998337
2853.149414	-73.470619
2874.682617	-74.329742
2896.215820	-73.860832
2917.749023	-87.995697
2939.282227	-76.596039
2960.815430	-69.886040
2982.348633	-70.784554
3003.881836	-75.910393
3025.415039	-73.219337
3046.948242	-79.605553
3068.481445	-79.044701
3090.014648	-74.231972
3111.547852	-74.624741
3133.081055	-77.671722
3154.614258	-79.319221
3176.147461	-75.533913
3197.680664	-84.368637
3219.213867	-84.099327
3240.747070	-80.069405
3262.280273	-77.060631
3283.813477	-75.128967
3305.346680	-79.619225
3326.879883	-88.493698
3348.413086	-76.280952
3369.946289	-73.150162
3391.479492	-84.014610
3413.012695	-82.945480
3434.545898	-77.606133
3456.079102	-81.670959
3477.612305	-90.801735
3499.145508	-83.484589
3520.678711	-79.020119
3542.211914	-80.605484
3563.745117	-87.705444
3585.278320	-84.415009
3606.811523	-84.708794
3628.344727	-90.327507
3649.877930	-88.247894
3671.411133	-82.714996
3692.944336	-76.536949
3714.477539	-77.336349
3736.010742	-91.467636
3757.543945	-79.589569
3779.077148	-83.921654
3800.610352	-85.622498
3822.143555	-79.240631
3843.676758	-91.276871
3865.209961	-84.054771
3886.743164	-74.042473
3908.276367	-73.930374
3929.809570	-71.063141
3951.342773	-71.814072
3972.875977	-76.743134
3994.409180	-73.227585
4015.942383	-75.823822
4037.475586	-83.628044
4059.008789	-81.389633
4080.541992	-82.033279
4102.075195	-78.426895
4123.608398	-82.893265
4145.141602	-80.162506
4166.674805	-71.297760
4188.208008	-79.997940
4209.741211	-78.304459
4231.274414	-84.213417
4252.807617	-81.042427
4274.340820	-80.963516
4295.874023	-87.906929
4317.407227	-84.836044
4338.940430	-74.322121
4360.473633	-77.796837
4382.006836	-86.561165
4403.540039	-74.290764
4425.073242	-72.654167
4446.606445	-80.205315
4468.139648	-78.544876
4489.672852	-83.118896
4511.206055	-78.033707
4532.739258	-80.336502
4554.272461	-87.277420
4575.805664	-77.762947
4597.338867	-80.576706
4618.872070	-75.957375
4640.405273	-73.785164
4661.938477	-78.858093
4683.471680	-76.039040
4705.004883	-79.751167
4726.538086	-78.943146
4748.071289	-79.699463
4769.604492	-81.451569
4791.137695	-84.094139
4812.670898	-80.184746
4834.204102	-79.210121
4855.737305	-73.457771
4877.270508	-77.937523
4898.803711	-77.107681
4920.336914	-77.359657
4941.870117	-75.773941
4963.403320	-74.087639
4984.936523	-88.527435
5006.469727	-82.982018
5028.002930	-80.516190
5049.536133	-78.533592
5071.069336	-78.734070
5092.602539	-74.517059
5114.135742	-73.204796
5135.668945	-81.992752
5157.202148	-81.796509
5178.735352	-91.278000
5200.268555	-98.126846
5221.801758	-86.911667
5243.334961	-88.244797
5264.868164	-95.028481
5286.401367	-81.902748
5307.934570	-79.605209
5329.467773	-77.114960
5351.000977	-80.553383
5372.534180	-115.372169
5394.067383	-86.639114
5415.600586	-83.813393
5437.133789	-79.810738
5458.666992	-84.660545
5480.200195	-83.028465
5501.733398	-77.104752
5523.266602	-76.591904
5544.799805	-78.105484
5566.333008	-77.409615
5587.866211	-85.836693
5609.399414	-96.292091
5630.932617	-100.392128
5652.465820	-91.964928
5673.999023	-85.124596
5695.532227	-86.756546
5717.065430	-90.905785
5738.598633	-80.239853
5760.131836	-77.082031
5781.665039	-76.775414
5803.198242	-77.012726
5824.731445	-90.439247
5846.264648	-80.928383
5867.797852	-80.459007
5889.331055	-81.303192
5910.864258	-100.389000
5932.397461	-87.648750
5953.930664	-88.319588
5975.463867	-88.605797
5996.997070	-82.097366
6018.530273	-78.735817
6040.063477	-85.841713
6061.596680	-90.000435
6083.129883	-89.019844
6104.663086	-93.466881
6126.196289	-90.596169
6147.729492	-92.522980
6169.262695	-92.561707
6190.795898	-104.320488
6212.329102	-90.332062
6233.862305	-85.408966
6255.395508	-85.175941
6276.928711	-89.025368
6298.461914	-102.283493
6319.995117	-93.552017
6341.528320	-103.474419
6363.061523	-95.938095
6384.594727	-95.236115
6406.127930	-99.616997
6427.661133	-100.180817
6449.194336	-95.354378
6470.727539	-98.731934
6492.260742	-95.409401
6513.793945	-102.551903
6535.327148	-93.925278
6556.860352	-90.795975
6578.393555	-90.503700
6599.926758	-93.768204
6621.459961	-93.697289
6642.993164	-95.518166
6664.526367	-100.852417
6686.059570	-98.124626
6707.592773	-91.316536
6729.125977	-95.202553
6750.659180	-97.316544
6772.192383	-103.273636
6793.725586	-93.719910
6815.258789	-95.584373
6836.791992	-92.633904
6858.325195	-89.637390
6879.858398	-98.452728
6901.391602	-94.701538
6922.924805	-96.380974
6944.458008	-94.482300
6965.991211	-93.252541
6987.524414	-108.647423
7009.057617	-94.456482
7030.590820	-93.770042
7052.124023	-99.476494
7073.657227	-109.479858
7095.190430	-100.998627
7116.723633	-102.152451
7138.256836	-95.367683
7159.790039	-97.159531
7181.323242	-97.263496
7202.856445	-110.625519
7224.389648	-109.192558
7245.922852	-105.028297
7267.456055	-100.879982
7288.989258	-102.439148
7310.522461	-97.984634
7332.055664	-100.032150
7353.588867	-97.809410
7375.122070	-98.336304
7396.655273	-101.889503
7418.188477	-107.551170
7439.721680	-107.512138
7461.254883	-101.441734
7482.788086	-104.298180
7504.321289	-101.786041
7525.854492	-102.901405
7547.387695	-110.940216
7568.920898	-107.928665
7590.454102	-102.023834
7611.987305	-102.283333
7633.520508	-117.343430
7655.053711	-109.358894
7676.586914	-102.225365
7698.120117	-102.168175
7719.653320	-105.274796
7741.186523	-113.787308
7762.719727	-109.212563
7784.252930	-119.685509
7805.786133	-112.590012
7827.319336	-104.663513
7848.852539	-104.941391
7870.385742	-106.069351
7891.918945	-105.204613
7913.452148	-121.600174
7934.985352	-115.270920
7956.518555	-112.159218
7978.051758	-112.822960
7999.584961	-115.154312
8021.118164	-111.019119
8042.651367	-103.515045
8064.184570	-114.660454
8085.717773	-107.254532
8107.250977	-122.395287
8128.784180	-125.877342
8150.317383	-105.468018
8171.850586	-112.945892
8193.383789	-117.553940
8214.916992	-109.156952
8236.450195	-108.590927
8257.983398	-108.521530
8279.516602	-106.517914
8301.049805	-112.304321
8322.583008	-112.210251
8344.116211	-107.975655
8365.649414	-101.896423
8387.182617	-108.418625
8408.715820	-108.673401
8430.249023	-113.125565
8451.782227	-123.964157
8473.315430	-109.506828
8494.848633	-103.865776
8516.381836	-111.149765
8537.915039	-108.379936
8559.448242	-114.140625
8580.981445	-108.301582
8602.514648	-105.856010
8624.047852	-100.084198
8645.581055	-106.934990
8667.114258	-103.831360
8688.647461	-116.279327
8710.180664	-110.024582
8731.713867	-114.468323
8753.247070	-118.203751
8774.780273	-104.351700
8796.313477	-115.587990
8817.846680	-113.839935
8839.379883	-118.433403
8860.913086	-106.802994
8882.446289	-116.726990
8903.979492	-117.602287
8925.512695	-107.230698
8947.045898	-111.883492
8968.579102	-103.656532
8990.112305	-110.419350
9011.645508	-108.473373
9033.178711	-117.167068
9054.711914	-121.756210
9076.245117	-107.439919
9097.778320	-122.519447
9119.311523	-116.315262
9140.844727	-114.445847
9162.377930	-106.396469
9183.911133	-106.387344
9205.444336	-107.351784
9226.977539	-108.456573
9248.510742	-111.809372
9270.043945	-113.711906
9291.577148	-111.381668
9313.110352	-129.295609
9334.643555	-110.147827
9356.176758	-114.537941
9377.709961	-110.938187
9399.243164	-111.039642
9420.776367	-107.798927
9442.309570	-111.776154
9463.842773	-104.213234
9485.375977	-113.243790
9506.909180	-111.389687
9528.442383	-107.965149
9549.975586	-103.438705
9571.508789	-117.465134
9593.041992	-112.756729
9614.575195	-108.677780
9636.108398	-108.433167
9657.641602	-112.947044
9679.174805	-111.048683
9700.708008	-116.321838
9722.241211	-114.020340
9743.774414	-108.021400
9765.307617	-110.705193
9786.840820	-104.033432
9808.374023	-107.771919
9829.907227	-107.145607
9851.440430	-107.876122
9872.973633	-106.576210
9894.506836	-107.662941
9916.040039	-103.089371
9937.573242	-106.015427
9959.106445	-105.681778
9980.639648	-116.838135
10002.172852	-114.854942
10023.706055	-112.349792
10045.239258	-109.013702
10066.772461	-104.000610
10088.305664	-107.237900
10109.838867	-118.500961
10131.372070	-125.760231
10152.905273	-118.413834
10174.438477	-116.513496
10195.971680	-133.307861
10217.504883	-112.444389
10239.038086	-105.856026
10260.571289	-105.752365
10282.104492	-105.855453
10303.637695	-106.427505
10325.170898	-111.586967
10346.704102	-116.819214
10368.237305	-108.064796
10389.770508	-109.660423
10411.303711	-105.768562
10432.836914	-109.216835
10454.370117	-105.634796
10475.903320	-105.807175
10497.436523	-112.675652
10518.969727	-110.150963
10540.502930	-108.939545
10562.036133	-111.827179
10583.569336	-105.561447
10605.102539	-105.644867
10626.635742	-117.193306
10648.168945	-113.895004
10669.702148	-110.988075
10691.235352	-119.225334
10712.768555	-119.391273
10734.301758	-114.178116
10755.834961	-109.705353
10777.368164	-117.809891
10798.901367	-116.308701
10820.434570	-112.810760
10841.967773	-111.108536
10863.500977	-107.645386
10885.034180	-102.697433
10906.567383	-112.282692
10928.100586	-108.506851
10949.633789	-118.014671
10971.166992	-108.019272
10992.700195	-108.533279
11014.233398	-105.290817
11035.766602	-111.147377
11057.299805	-115.294655
11078.833008	-117.099861
11100.366211	-112.846588
11121.899414	-110.625458
11143.432617	-106.146568
11164.965820	-105.746918
11186.499023	-113.832886
11208.032227	-118.065308
11229.565430	-110.521805
11251.098633	-110.761673
11272.631836	-111.659981
11294.165039	-114.206223
11315.698242	-113.968590
11337.231445	-115.551659
11358.764648	-108.773865
11380.297852	-111.159019
11401.831055	-109.675713
11423.364258	-106.014221
11444.897461	-118.704964
11466.430664	-110.838219
11487.963867	-112.390289
11509.497070	-107.129913
11531.030273	-113.503746
11552.563477	-113.401764
11574.096680	-115.003456
11595.629883	-114.782722
11617.163086	-113.500542
11638.696289	-114.614807
11660.229492	-111.676720
11681.762695	-112.797760
11703.295898	-118.385979
11724.829102	-115.211388
11746.362305	-110.852654
11767.895508	-115.441429
11789.428711	-113.245636
11810.961914	-109.985397
11832.495117	-110.963173
11854.028320	-116.956459
11875.561523	-111.194595
11897.094727	-108.356834
11918.627930	-113.493050
11940.161133	-109.562637
11961.694336	-111.010780
11983.227539	-117.970108
12004.760742	-118.888222
12026.293945	-116.165939
12047.827148	-117.205193
12069.360352	-110.780647
12090.893555	-120.302879
12112.426758	-122.345436
12133.959961	-109.718155
12155.493164	-121.100708
12177.026367	-132.717712
12198.559570	-115.496620
12220.092773	-123.659920
12241.625977	-114.494682
12263.159180	-121.098145
12284.692383	-115.214081
12306.225586	-122.557190
12327.758789	-120.336761
12349.291992	-115.171021
12370.825195	-128.406387
12392.358398	-138.309006
12413.891602	-117.243164
12435.424805	-112.791168
12456.958008	-118.906532
12478.491211	-113.907982
12500.024414	-114.589592
12521.557617	-114.986046
12543.090820	-119.103737
12564.624023	-123.565491
12586.157227	-112.136543
12607.690430	-115.959732
12629.223633	-111.764282
12650.756836	-125.338806
12672.290039	-123.184471
12693.823242	-114.173935
12715.356445	-124.624435
12736.889648	-115.442039
12758.422852	-116.801071
12779.956055	-113.252739
12801.489258	-120.085358
12823.022461	-113.118721
12844.555664	-112.739006
12866.088867	-112.258308
12887.622070	-111.056572
12909.155273	-118.077690
12930.688477	-121.754097
12952.221680	-116.062218
12973.754883	-124.902534
12995.288086	-113.338417
13016.821289	-120.129654
13038.354492	-112.445831
13059.887695	-114.489433
13081.420898	-125.190422
13102.954102	-112.091728
13124.487305	-116.397087
13146.020508	-118.001923
13167.553711	-110.539261
13189.086914	-117.556572
13210.620117	-118.649910
13232.153320	-109.909279
13253.686523	-102.665077
13275.219727	-106.818199
13296.752930	-112.461189
13318.286133	-118.955276
13339.819336	-112.708832
13361.352539	-108.336136
13382.885742	-111.337502
13404.418945	-112.705475
13425.952148	-103.306732
13447.485352	-108.052383
13469.018555	-115.473701
13490.551758	-110.452019
13512.084961	-115.242073
13533.618164	-115.895103
13555.151367	-111.601387
13576.684570	-114.771194
13598.217773	-103.819931
13619.750977	-106.641281
13641.284180	-107.645447
13662.817383	-114.053986
13684.350586	-108.607475
13705.883789	-125.180779
13727.416992	-106.859695
13748.950195	-104.162659
13770.483398	-105.152939
13792.016602	-126.699028
13813.549805	-113.737099
13835.083008	-111.230331
13856.616211	-106.157181
13878.149414	-128.436890
13899.682617	-116.801682
13921.215820	-113.114243
13942.749023	-110.136948
13964.282227	-112.635719
13985.815430	-105.713852
14007.348633	-104.165054
14028.881836	-106.622986
14050.415039	-103.082443
14071.948242	-99.849564
14093.481445	-99.227592
14115.014648	-107.897041
14136.547852	-107.034279
14158.081055	-108.708679
14179.614258	-103.922226
14201.147461	-103.652740
14222.680664	-104.220963
14244.213867	-105.701660
14265.747070	-106.877968
14287.280273	-100.054893
14308.813477	-101.096916
14330.346680	-102.790886
14351.879883	-109.369431
14373.413086	-106.974579
14394.946289	-109.217529
14416.479492	-105.115967
14438.012695	-98.151924
14459.545898	-99.079231
14481.079102	-107.114441
14502.612305	-108.813469
14524.145508	-102.178642
14545.678711	-100.628654
14567.211914	-103.561256
14588.745117	-102.427391
14610.278320	-102.525795
14631.811523	-105.621826
14653.344727	-106.209877
14674.877930	-106.297623
14696.411133	-100.033813
14717.944336	-107.822311
14739.477539	-108.854462
14761.010742	-106.208084
14782.543945	-104.968887
14804.077148	-101.624763
14825.610352	-110.718315
14847.143555	-105.431999
14868.676758	-99.247459
14890.209961	-101.924377
14911.743164	-104.544525
14933.276367	-103.008446
14954.809570	-103.886620
14976.342773	-104.314041
14997.875977	-99.077850
15019.409180	-97.614639
15040.942383	-107.747513
15062.475586	-101.605095
15084.008789	-127.567574
15105.541992	-104.425735
15127.075195	-106.384468
15148.608398	-104.060814
15170.141602	-97.432083
15191.674805	-99.780983
15213.208008	-101.116516
15234.741211	-96.882805
15256.274414	-99.482155
15277.807617	-102.024384
15299.340820	-99.726166
15320.874023	-102.214111
15342.407227	-105.602135
15363.940430	-114.733612
15385.473633	-95.627769
15407.006836	-96.224312
15428.540039	-104.627739
15450.073242	-108.949127
15471.606445	-97.583076
15493.139648	-96.225838
15514.672852	-101.148575
15536.206055	-112.197945
15557.739258	-103.752907
15579.272461	-102.399300
15600.805664	-104.816154
15622.338867	-96.125046
15643.872070	-97.644112
15665.405273	-101.198090
15686.938477	-108.042419
15708.471680	-99.856216
15730.004883	-96.565643
15751.538086	-96.967735
15773.071289	-102.133530
15794.604492	-94.253853
15816.137695	-94.988792
15837.670898	-103.685539
15859.204102	-104.707512
15880.737305	-121.724236
15902.270508	-101.743713
15923.803711	-99.626526
15945.336914	-101.546677
15966.870117	-105.269630
15988.403320	-101.656952
16009.936523	-98.763809
16031.469727	-95.562469
16053.002930	-96.621445
16074.536133	-95.618484
16096.069336	-96.909607
16117.602539	-94.065979
16139.135742	-93.114769
16160.668945	-93.065964
16182.202148	-97.203926
16203.735352	-101.688622
16225.268555	-98.446846
16246.801758	-93.601349
16268.334961	-93.178032
16289.868164	-93.520531
16311.401367	-97.422073
16332.934570	-95.223724
16354.467773	-95.722855
16376.000977	-99.109093
16397.534180	-101.954811
16419.067383	-99.684334
16440.600586	-94.725571
16462.133789	-95.165436
16483.666992	-98.366653
16505.200195	-99.609413
16526.733398	-97.109100
16548.266602	-94.373596
16569.799805	-95.239647
16591.333008	-93.515457
16612.866211	-99.974640
16634.399414	-94.562256
16655.932617	-88.259514
16677.465820	-87.221008
16698.999023	-89.821342
16720.532227	-96.163658
16742.065430	-100.077858
16763.598633	-99.490227
16785.131836	-93.018784
16806.665039	-98.900803
16828.198242	-105.047318
16849.731445	-99.172249
16871.264648	-100.189880
16892.797852	-102.096046
16914.331055	-105.374748
16935.864258	-107.401199
16957.397461	-108.434708
16978.930664	-100.305603
17000.463867	-102.053612
17021.997070	-106.049316
17043.530273	-96.367142
17065.063477	-96.062401
17086.596680	-96.249344
17108.129883	-99.857887
17129.663086	-109.287437
17151.196289	-95.938560
17172.729492	-95.031830
17194.262695	-98.120979
17215.795898	-97.511551
17237.329102	-97.544579
17258.862305	-93.998215
17280.395508	-90.387581
17301.928711	-93.284271
17323.461914	-98.030792
17344.995117	-92.732193
17366.528320	-91.724197
17388.061523	-91.923622
17409.594727	-96.201416
17431.127930	-95.243240
17452.661133	-93.353462
17474.194336	-92.159607
17495.727539	-93.378136
17517.260742	-102.174438
17538.793945	-98.940735
17560.327148	-96.075699
17581.860352	-91.542091
17603.393555	-90.332924
17624.926758	-89.230202
17646.459961	-91.405876
17667.993164	-99.323303
17689.526367	-109.456383
17711.059570	-101.597198
17732.592773	-90.752586
17754.125977	-97.536621
17775.659180	-89.800835
17797.192383	-92.441444
17818.725586	-104.290024
17840.258789	-93.937027
17861.791992	-91.933197
17883.325195	-92.395912
17904.858398	-87.858261
17926.391602	-90.994720
17947.924805	-93.343048
17969.458008	-97.956123
17990.991211	-96.218239
18012.524414	-93.004150
18034.057617	-101.378273
18055.590820	-101.420334
18077.124023	-95.771385
18098.657227	-98.506035
18120.190430	-92.725006
18141.723633	-92.883049
18163.256836	-97.286186
18184.790039	-99.218407
18206.323242	-90.876846
18227.856445	-86.582443
18249.389648	-90.035812
18270.922852	-100.375450
18292.456055	-97.049622
18313.989258	-93.338013
18335.522461	-103.378998
18357.055664	-96.819031
18378.588867	-93.718163
18400.122070	-102.105453
18421.655273	-93.213066
18443.188477	-87.326141
18464.721680	-88.438164
18486.254883	-102.673378
18507.788086	-95.394409
18529.321289	-89.821136
18550.854492	-87.779938
18572.387695	-89.417946
18593.920898	-100.579384
18615.454102	-91.419167
18636.987305	-88.911072
18658.520508	-87.919998
18680.053711	-92.691841
18701.586914	-95.769722
18723.120117	-92.183678
18744.653320	-85.797173
18766.186523	-85.812332
18787.719727	-93.209457
18809.252930	-91.546967
18830.786133	-88.988754
18852.319336	-87.148125
18873.852539	-89.958458
18895.385742	-89.983711
18916.918945	-93.062508
18938.452148	-89.563393
18959.985352	-92.758270
18981.518555	-92.728752
19003.051758	-96.130753
19024.584961	-95.694748
19046.118164	-91.626083
19067.651367	-92.843185
19089.184570	-88.849312
19110.717773	-96.984581
19132.250977	-95.411354
19153.784180	-92.583183
19175.317383	-99.620811
19196.850586	-99.795410
19218.383789	-99.293007
19239.916992	-89.516098
19261.450195	-89.775116
19282.983398	-89.404228
19304.516602	-98.800430
19326.049805	-87.099205
19347.583008	-100.200272
19369.116211	-89.218819
19390.649414	-87.898338
19412.182617	-88.021217
19433.715820	-92.875107
19455.249023	-87.697998
19476.782227	-88.587097
19498.315430	-93.750237
19519.848633	-90.884041
19541.381836	-84.886520
19562.915039	-87.365456
19584.448242	-90.684105
19605.981445	-91.716072
19627.514648	-111.348534
19649.047852	-102.856766
19670.581055	-90.076721
19692.114258	-101.537506
19713.647461	-88.108513
19735.180664	-92.564232
19756.713867	-94.001953
19778.247070	-95.606827
19799.780273	-87.930649
19821.313477	-94.612366
19842.846680	-92.543800
19864.379883	-90.007217
19885.913086	-95.070595
19907.446289	-94.837715
19928.979492	-94.568954
19950.512695	-103.137108
19972.045898	-92.862457
19993.579102	-90.545715
20015.112305	-92.580727
20036.645508	-87.768150
20058.178711	-85.951462
20079.711914	-86.817459
20101.245117	-87.010742
20122.778320	-88.568985
20144.311523	-88.624367
20165.844727	-86.230003
20187.377930	-88.914063
20208.911133	-86.954094
20230.444336	-95.450943
20251.977539	-93.291466
20273.510742	-92.817390
20295.043945	-86.044548
20316.577148	-86.830215
20338.110352	-89.393242
20359.643555	-86.138779
20381.176758	-86.573807
20402.709961	-89.954597
20424.243164	-87.406319
20445.776367	-88.416000
20467.309570	-86.300957
20488.842773	-90.691612
20510.375977	-85.431068
20531.909180	-92.804314
20553.442383	-98.454712
20574.975586	-94.985069
20596.508789	-100.160034
20618.041992	-88.756393
20639.575195	-90.337463
20661.108398	-91.898941
20682.641602	-92.624680
20704.174805	-84.489372
20725.708008	-88.106415
20747.241211	-90.718224
20768.774414	-97.237022
20790.307617	-93.448166
20811.840820	-101.548141
20833.374023	-91.055229
20854.907227	-96.481895
20876.440430	-91.701996
20897.973633	-83.522972
20919.506836	-88.516975
20941.040039	-91.234558
20962.573242	-86.164421
20984.106445	-91.057793
21005.639648	-104.177452
21027.172852	-92.616753
21048.706055	-95.030136
21070.239258	-92.806557
21091.772461	-88.858414
21113.305664	-92.549095
21134.838867	-88.623138
21156.372070	-92.016350
21177.905273	-100.631332
21199.438477	-93.341286
21220.971680	-90.195259
21242.504883	-89.789017
21264.038086	-88.928619
21285.571289	-89.690369
21307.104492	-100.578781
21328.637695	-92.526146
21350.170898	-90.560852
21371.704102	-94.422546
21393.237305	-91.591995
21414.770508	-93.760818
21436.303711	-88.201515
21457.836914	-92.959373
21479.370117	-97.083481
21500.903320	-92.480408
21522.436523	-100.084984
21543.969727	-98.573830
21565.502930	-98.492149
21587.036133	-91.365486
21608.569336	-102.407318
21630.102539	-94.849632
21651.635742	-99.726707
21673.168945	-92.129303
21694.702148	-100.477654
21716.235352	-96.803291
21737.768555	-95.843521
21759.301758	-88.885414
21780.834961	-95.963287
21802.368164	-94.925705
21823.901367	-88.978958
21845.434570	-86.616409
21866.967773	-87.792175
21888.500977	-96.825951
21910.034180	-97.271095
21931.567383	-94.065804
21953.100586	-94.720421
21974.633789	-95.116318
21996.166992	-90.444824
22017.700195	-88.713974
22039.233398	-89.905960
